G 30 100 infuhr2011
V 0 943
V 1 150
V 2 468
V 3 150
V 4 37
V 5 125
V 6 1303
V 7 298
V 8 399
V 9 150
V 10 37
V 11 279
V 12 487
V 13 828
V 14 279
V 15 336
V 16 1452
V 17 37
V 18 100
V 19 279
V 20 150
V 21 187
V 22 150
V 23 362
V 24 225
V 25 655
V 26 25
V 27 25
V 28 279
V 29 37
E 0 1 75
E 1 0 75
E 0 2 125
E 2 0 125
E 0 3 75
E 3 0 75
E 0 4 37
E 4 0 37
E 0 5 75
E 5 0 75
E 0 20 75
E 20 0 75
E 0 22 75
E 22 0 75
E 0 23 125
E 23 0 125
E 0 16 281
E 16 0 281
E 1 24 75
E 24 1 75
E 2 6 125
E 6 2 125
E 2 19 93
E 19 2 93
E 2 25 125
E 25 2 125
E 3 23 75
E 23 3 75
E 5 21 50
E 21 5 50
E 6 7 93
E 7 6 93
E 6 8 125
E 8 6 125
E 6 9 75
E 9 6 75
E 6 11 93
E 11 6 93
E 6 12 125
E 12 6 125
E 6 13 187
E 13 6 187
E 6 18 75
E 18 6 75
E 6 28 93
E 28 6 93
E 6 16 312
E 16 6 312
E 7 16 93
E 16 7 93
E 7 15 112
E 15 7 112
E 8 10 37
E 10 8 37
E 8 21 112
E 21 8 112
E 8 23 125
E 23 8 125
E 9 16 75
E 16 9 75
E 11 14 93
E 14 11 93
E 11 16 93
E 16 11 93
E 12 16 125
E 16 12 125
E 12 15 112
E 15 12 112
E 12 25 125
E 25 12 125
E 13 14 93
E 14 13 93
E 13 15 112
E 15 13 112
E 13 25 156
E 25 13 156
E 13 19 93
E 19 13 93
E 13 16 187
E 16 13 187
E 14 28 93
E 28 14 93
E 16 17 37
E 17 16 37
E 16 19 93
E 19 16 93
E 16 25 156
E 25 16 156
E 18 27 25
E 27 18 25
E 20 24 75
E 24 20 75
E 21 26 25
E 26 21 25
E 22 24 75
E 24 22 75
E 23 29 37
E 29 23 37
E 25 28 93
E 28 25 93
