G 20 48 infuhr2011
V 0 99
V 1 37
V 2 192
V 3 37
V 4 479
V 5 37
V 6 590
V 7 578
V 8 124
V 9 124
V 10 124
V 11 37
V 12 124
V 13 37
V 14 150
V 15 99
V 16 37
V 17 37
V 18 37
V 19 37
E 0 1 37
E 1 0 37
E 0 2 62
E 2 0 62
E 2 3 37
E 3 2 37
E 2 4 93
E 4 2 93
E 4 5 37
E 5 4 37
E 4 6 156
E 6 4 156
E 4 7 156
E 7 4 156
E 4 19 37
E 19 4 37
E 6 12 62
E 12 6 62
E 6 13 37
E 13 6 37
E 6 14 75
E 14 6 75
E 6 17 37
E 17 6 37
E 6 18 37
E 18 6 37
E 6 8 62
E 8 6 62
E 6 9 62
E 9 6 62
E 6 10 62
E 10 6 62
E 7 8 62
E 8 7 62
E 7 9 62
E 9 7 62
E 7 10 62
E 10 7 62
E 7 11 37
E 11 7 37
E 7 15 62
E 15 7 62
E 7 14 75
E 14 7 75
E 7 12 62
E 12 7 62
E 15 16 37
E 16 15 37
