G 20 58 infuhr2011
V 0 898
V 1 567
V 2 150
V 3 248
V 4 760
V 5 350
V 6 380
V 7 150
V 8 100
V 9 100
V 10 760
V 11 100
V 12 279
V 13 25
V 14 37
V 15 25
V 16 279
V 17 25
V 18 37
V 19 124
E 0 1 156
E 1 0 156
E 0 2 75
E 2 0 75
E 0 4 187
E 4 0 187
E 0 5 125
E 5 0 125
E 0 8 75
E 8 0 75
E 0 12 93
E 12 0 93
E 0 10 187
E 10 0 187
E 1 3 93
E 3 1 93
E 1 6 125
E 6 1 125
E 1 14 37
E 14 1 37
E 1 4 156
E 4 1 156
E 2 5 75
E 5 2 75
E 3 19 62
E 19 3 62
E 3 16 93
E 16 3 93
E 4 7 75
E 7 4 75
E 4 19 62
E 19 4 62
E 4 12 93
E 12 4 93
E 4 10 187
E 10 4 187
E 5 9 75
E 9 5 75
E 5 11 75
E 11 5 75
E 6 18 37
E 18 6 37
E 6 16 93
E 16 6 93
E 6 10 125
E 10 6 125
E 7 10 75
E 10 7 75
E 8 17 25
E 17 8 25
E 9 15 25
E 15 9 25
E 10 16 93
E 16 10 93
E 10 12 93
E 12 10 93
E 11 13 25
E 13 11 25
