G 20 60 infuhr2011
V 0 37
V 1 610
V 2 655
V 3 637
V 4 150
V 5 828
V 6 248
V 7 953
V 8 37
V 9 412
V 10 279
V 11 125
V 12 37
V 13 37
V 14 125
V 15 99
V 16 37
V 17 450
V 18 37
V 19 37
E 0 1 37
E 1 0 37
E 1 2 156
E 2 1 156
E 1 3 156
E 3 1 156
E 1 12 37
E 12 1 37
E 1 18 37
E 18 1 37
E 1 7 187
E 7 1 187
E 2 10 93
E 10 2 93
E 2 5 156
E 5 2 156
E 2 17 125
E 17 2 125
E 2 9 125
E 9 2 125
E 3 4 75
E 4 3 75
E 3 5 156
E 5 3 156
E 3 9 125
E 9 3 125
E 3 17 125
E 17 3 125
E 4 17 75
E 17 4 75
E 5 6 93
E 6 5 93
E 5 13 37
E 13 5 37
E 5 7 218
E 7 5 218
E 5 10 93
E 10 5 93
E 5 14 75
E 14 5 75
E 6 7 93
E 7 6 93
E 6 15 62
E 15 6 62
E 7 8 37
E 8 7 37
E 7 10 93
E 10 7 93
E 7 11 75
E 11 7 75
E 7 9 125
E 9 7 125
E 7 17 125
E 17 7 125
E 9 16 37
E 16 9 37
E 11 14 50
E 14 11 50
E 15 19 37
E 19 15 37
