G 20 56 infuhr2011
V 0 261
V 1 100
V 2 672
V 3 279
V 4 461
V 5 267
V 6 25
V 7 616
V 8 150
V 9 791
V 10 150
V 11 150
V 12 261
V 13 37
V 14 37
V 15 261
V 16 37
V 17 124
V 18 150
V 19 37
E 0 1 75
E 1 0 75
E 0 2 93
E 2 0 93
E 0 9 93
E 9 0 93
E 1 6 25
E 6 1 25
E 2 3 93
E 3 2 93
E 2 7 187
E 7 2 187
E 2 16 37
E 16 2 37
E 2 9 187
E 9 2 187
E 2 8 75
E 8 2 75
E 3 4 93
E 4 3 93
E 3 5 93
E 5 3 93
E 4 8 75
E 8 4 75
E 4 17 62
E 17 4 62
E 4 9 156
E 9 4 156
E 4 11 75
E 11 4 75
E 5 11 75
E 11 5 75
E 5 19 37
E 19 5 37
E 5 17 62
E 17 5 62
E 7 9 187
E 9 7 187
E 7 10 75
E 10 7 75
E 7 13 37
E 13 7 37
E 7 14 37
E 14 7 37
E 7 15 93
E 15 7 93
E 9 12 93
E 12 9 93
E 9 18 75
E 18 9 75
E 10 12 75
E 12 10 75
E 12 15 93
E 15 12 93
E 15 18 75
E 18 15 75
