G 20 58 infuhr2011
V 0 630
V 1 279
V 2 150
V 3 279
V 4 100
V 5 242
V 6 368
V 7 150
V 8 547
V 9 25
V 10 37
V 11 37
V 12 37
V 13 336
V 14 610
V 15 865
V 16 37
V 17 279
V 18 279
V 19 37
E 0 1 93
E 1 0 93
E 0 2 75
E 2 0 75
E 0 4 75
E 4 0 75
E 0 7 75
E 7 0 75
E 0 6 125
E 6 0 125
E 0 15 187
E 15 0 187
E 1 3 93
E 3 1 93
E 1 6 93
E 6 1 93
E 2 6 75
E 6 2 75
E 3 5 93
E 5 3 93
E 3 8 93
E 8 3 93
E 4 9 25
E 9 4 25
E 5 13 112
E 13 5 112
E 5 16 37
E 16 5 37
E 6 7 75
E 7 6 75
E 8 10 37
E 10 8 37
E 8 11 37
E 11 8 37
E 8 12 37
E 12 8 37
E 8 15 187
E 15 8 187
E 8 14 156
E 14 8 156
E 13 14 112
E 14 13 112
E 13 15 112
E 15 13 112
E 14 15 156
E 15 14 156
E 14 17 93
E 17 14 93
E 14 18 93
E 18 14 93
E 15 17 93
E 17 15 93
E 15 18 93
E 18 15 93
E 15 19 37
E 19 15 37
E 17 18 93
E 18 17 93
