G 20 76 infuhr2011
V 0 1323
V 1 25
V 2 249
V 3 125
V 4 237
V 5 1166
V 6 474
V 7 1516
V 8 150
V 9 350
V 10 299
V 11 100
V 12 262
V 13 200
V 14 299
V 15 100
V 16 574
V 17 100
V 18 237
V 19 1036
E 0 18 112
E 0 8 75
E 0 16 187
E 0 14 112
E 0 9 150
E 0 7 250
E 0 7 250
E 0 3 75
E 0 2 112
E 1 2 25
E 2 6 112
E 2 0 112
E 2 1 25
E 3 0 75
E 3 4 50
E 4 16 75
E 4 5 112
E 4 3 50
E 5 4 112
E 5 19 262
E 5 19 262
E 5 10 112
E 5 8 75
E 5 6 125
E 5 7 218
E 6 2 112
E 6 12 112
E 6 7 125
E 6 5 125
E 7 10 112
E 7 0 250
E 7 0 250
E 7 19 262
E 7 16 187
E 7 14 112
E 7 6 125
E 7 5 218
E 8 0 75
E 8 5 75
E 9 12 75
E 9 0 150
E 9 10 75
E 9 11 50
E 10 7 112
E 10 5 112
E 10 9 75
E 11 19 50
E 11 9 50
E 12 9 75
E 12 6 112
E 12 13 75
E 13 15 50
E 13 16 75
E 13 12 75
E 14 19 75
E 14 0 112
E 14 7 112
E 15 13 50
E 15 16 50
E 16 4 75
E 16 13 75
E 16 0 187
E 16 7 187
E 16 15 50
E 17 18 50
E 17 19 50
E 18 0 112
E 18 19 75
E 18 17 50
E 19 11 50
E 19 14 75
E 19 5 262
E 19 5 262
E 19 7 262
E 19 18 75
E 19 17 50
