G 20 58 infuhr2011
V 0 100
V 1 125
V 2 125
V 3 499
V 4 37
V 5 1102
V 6 248
V 7 125
V 8 779
V 9 412
V 10 124
V 11 223
V 12 124
V 13 223
V 14 623
V 15 37
V 16 37
V 17 75
V 18 37
V 19 25
E 0 1 50
E 1 0 50
E 0 2 50
E 2 0 50
E 1 3 75
E 3 1 75
E 2 3 75
E 3 2 75
E 3 4 37
E 4 3 37
E 3 5 156
E 5 3 156
E 3 8 156
E 8 3 156
E 5 6 93
E 6 5 93
E 5 7 75
E 7 5 75
E 5 8 187
E 8 5 187
E 5 11 93
E 11 5 93
E 5 12 62
E 12 5 62
E 5 10 62
E 10 5 62
E 5 9 125
E 9 5 125
E 5 13 93
E 13 5 93
E 5 14 156
E 14 5 156
E 6 14 93
E 14 6 93
E 6 12 62
E 12 6 62
E 7 17 50
E 17 7 50
E 8 9 125
E 9 8 125
E 8 10 62
E 10 8 62
E 8 13 93
E 13 8 93
E 8 14 156
E 14 8 156
E 9 18 37
E 18 9 37
E 9 14 125
E 14 9 125
E 11 14 93
E 14 11 93
E 11 16 37
E 16 11 37
E 13 15 37
E 15 13 37
E 17 19 25
E 19 17 25
