G 20 62 infuhr2011
V 0 279
V 1 223
V 2 835
V 3 380
V 4 150
V 5 37
V 6 865
V 7 728
V 8 37
V 9 280
V 10 150
V 11 37
V 12 274
V 13 100
V 14 125
V 15 279
V 16 279
V 17 150
V 18 605
V 19 37
E 0 1 93
E 1 0 93
E 0 2 93
E 2 0 93
E 0 6 93
E 6 0 93
E 1 5 37
E 5 1 37
E 1 16 93
E 16 1 93
E 2 3 125
E 3 2 125
E 2 4 75
E 4 2 75
E 2 17 75
E 17 2 75
E 2 6 218
E 6 2 218
E 2 16 93
E 16 2 93
E 2 18 156
E 18 2 156
E 3 11 37
E 11 3 37
E 3 18 125
E 18 3 125
E 3 15 93
E 15 3 93
E 4 18 75
E 18 4 75
E 6 7 218
E 7 6 218
E 6 10 75
E 10 6 75
E 6 15 93
E 15 6 93
E 6 16 93
E 16 6 93
E 6 17 75
E 17 6 75
E 7 8 37
E 8 7 37
E 7 9 93
E 9 7 93
E 7 19 37
E 19 7 37
E 7 10 75
E 10 7 75
E 7 18 156
E 18 7 156
E 7 12 112
E 12 7 112
E 9 12 112
E 12 9 112
E 9 14 75
E 14 9 75
E 12 13 50
E 13 12 50
E 13 14 50
E 14 13 50
E 15 18 93
E 18 15 93
