G 20 50 infuhr2011
V 0 37
V 1 423
V 2 795
V 3 37
V 4 124
V 5 37
V 6 124
V 7 223
V 8 324
V 9 37
V 10 124
V 11 622
V 12 37
V 13 37
V 14 37
V 15 37
V 16 37
V 17 99
V 18 124
V 19 37
E 0 1 37
E 1 0 37
E 1 2 156
E 2 1 156
E 1 5 37
E 5 1 37
E 1 16 37
E 16 1 37
E 1 11 156
E 11 1 156
E 2 3 37
E 3 2 37
E 2 4 62
E 4 2 62
E 2 6 62
E 6 2 62
E 2 7 93
E 7 2 93
E 2 8 125
E 8 2 125
E 2 10 62
E 10 2 62
E 2 14 37
E 14 2 37
E 2 15 37
E 15 2 37
E 2 17 62
E 17 2 62
E 2 18 62
E 18 2 62
E 4 11 62
E 11 4 62
E 6 11 62
E 11 6 62
E 7 13 37
E 13 7 37
E 7 11 93
E 11 7 93
E 8 9 37
E 9 8 37
E 8 11 125
E 11 8 125
E 8 12 37
E 12 8 37
E 10 11 62
E 11 10 62
E 11 18 62
E 18 11 62
E 17 19 37
E 19 17 37
