G 20 58 infuhr2011
V 0 37
V 1 367
V 2 99
V 3 125
V 4 37
V 5 125
V 6 205
V 7 728
V 8 37
V 9 37
V 10 840
V 11 37
V 12 37
V 13 279
V 14 279
V 15 1070
V 16 840
V 17 37
V 18 37
V 19 279
E 0 1 37
E 1 0 37
E 1 2 62
E 2 1 62
E 1 3 75
E 3 1 75
E 1 11 37
E 11 1 37
E 1 15 156
E 15 1 156
E 2 4 37
E 4 2 37
E 3 5 50
E 5 3 50
E 5 6 75
E 6 5 75
E 6 7 93
E 7 6 93
E 6 12 37
E 12 6 37
E 7 8 37
E 8 7 37
E 7 9 37
E 9 7 37
E 7 10 187
E 10 7 187
E 7 15 187
E 15 7 187
E 7 16 187
E 16 7 187
E 10 13 93
E 13 10 93
E 10 14 93
E 14 10 93
E 10 16 187
E 16 10 187
E 10 15 187
E 15 10 187
E 10 19 93
E 19 10 93
E 13 15 93
E 15 13 93
E 13 16 93
E 16 13 93
E 14 16 93
E 16 14 93
E 14 15 93
E 15 14 93
E 15 17 37
E 17 15 37
E 15 18 37
E 18 15 37
E 15 16 187
E 16 15 187
E 15 19 93
E 19 15 93
E 16 19 93
E 19 16 93
