G 20 58 infuhr2011
V 0 37
V 1 436
V 2 753
V 3 150
V 4 710
V 5 150
V 6 710
V 7 243
V 8 150
V 9 37
V 10 342
V 11 37
V 12 248
V 13 100
V 14 150
V 15 124
V 16 25
V 17 279
V 18 261
V 19 150
E 0 1 37
E 1 0 37
E 1 2 156
E 2 1 156
E 1 3 75
E 3 1 75
E 1 5 75
E 5 1 75
E 1 7 93
E 7 1 93
E 2 4 187
E 4 2 187
E 2 6 187
E 6 2 187
E 2 9 37
E 9 2 37
E 2 18 93
E 18 2 93
E 2 17 93
E 17 2 93
E 3 7 75
E 7 3 75
E 4 8 75
E 8 4 75
E 4 17 93
E 17 4 93
E 4 14 75
E 14 4 75
E 4 6 187
E 6 4 187
E 4 12 93
E 12 4 93
E 5 7 75
E 7 5 75
E 6 14 75
E 14 6 75
E 6 17 93
E 17 6 93
E 6 19 75
E 19 6 75
E 6 18 93
E 18 6 93
E 8 10 75
E 10 8 75
E 10 11 37
E 11 10 37
E 10 12 93
E 12 10 93
E 10 13 75
E 13 10 75
E 10 15 62
E 15 10 62
E 12 15 62
E 15 12 62
E 13 16 25
E 16 13 25
E 18 19 75
E 19 18 75
