G 20 60 infuhr2011
V 0 124
V 1 705
V 2 150
V 3 150
V 4 967
V 5 436
V 6 100
V 7 279
V 8 150
V 9 279
V 10 536
V 11 150
V 12 137
V 13 150
V 14 25
V 15 100
V 16 436
V 17 137
V 18 150
V 19 25
E 0 1 62
E 1 0 62
E 0 4 62
E 4 0 62
E 1 2 75
E 2 1 75
E 1 3 75
E 3 1 75
E 1 4 218
E 4 1 218
E 1 5 125
E 5 1 125
E 1 8 75
E 8 1 75
E 1 13 75
E 13 1 75
E 2 4 75
E 4 2 75
E 3 4 75
E 4 3 75
E 4 6 75
E 6 4 75
E 4 10 187
E 10 4 187
E 4 16 125
E 16 4 125
E 4 13 75
E 13 4 75
E 4 8 75
E 8 4 75
E 5 7 93
E 7 5 93
E 5 16 125
E 16 5 125
E 5 9 93
E 9 5 93
E 6 14 25
E 14 6 25
E 7 9 93
E 9 7 93
E 7 16 93
E 16 7 93
E 9 16 93
E 16 9 93
E 10 11 75
E 11 10 75
E 10 12 62
E 12 10 62
E 10 15 75
E 15 10 75
E 10 17 62
E 17 10 62
E 10 18 75
E 18 10 75
E 11 17 75
E 17 11 75
E 12 18 75
E 18 12 75
E 15 19 25
E 19 15 25
