G 20 58 infuhr2011
V 0 150
V 1 648
V 2 150
V 3 37
V 4 150
V 5 124
V 6 150
V 7 580
V 8 574
V 9 124
V 10 150
V 11 386
V 12 124
V 13 610
V 14 37
V 15 261
V 16 150
V 17 167
V 18 37
V 19 37
E 0 1 75
E 1 0 75
E 0 7 75
E 7 0 75
E 1 2 75
E 2 1 75
E 1 3 37
E 3 1 37
E 1 4 75
E 4 1 75
E 1 5 62
E 5 1 62
E 1 6 75
E 6 1 75
E 1 13 187
E 13 1 187
E 1 9 62
E 9 1 62
E 2 7 75
E 7 2 75
E 4 7 75
E 7 4 75
E 5 7 62
E 7 5 62
E 6 7 75
E 7 6 75
E 7 8 156
E 8 7 156
E 7 9 62
E 9 7 62
E 8 10 75
E 10 8 75
E 8 11 125
E 11 8 125
E 8 12 62
E 12 8 62
E 8 13 156
E 13 8 156
E 10 13 75
E 13 10 75
E 11 16 75
E 16 11 75
E 11 17 93
E 17 11 93
E 11 15 93
E 15 11 93
E 12 13 62
E 13 12 62
E 13 14 37
E 14 13 37
E 13 15 93
E 15 13 93
E 15 16 75
E 16 15 75
E 17 18 37
E 18 17 37
E 17 19 37
E 19 17 37
