G 20 62 infuhr2011
V 0 500
V 1 500
V 2 748
V 3 418
V 4 500
V 5 561
V 6 205
V 7 150
V 8 162
V 9 125
V 10 125
V 11 731
V 12 606
V 13 25
V 14 25
V 15 37
V 16 150
V 17 261
V 18 150
V 19 37
E 0 1 125
E 1 0 125
E 0 4 125
E 4 0 125
E 0 12 125
E 12 0 125
E 0 11 125
E 11 0 125
E 1 2 125
E 2 1 125
E 1 11 125
E 11 1 125
E 1 12 125
E 12 1 125
E 2 3 125
E 3 2 125
E 2 5 187
E 5 2 187
E 2 6 93
E 6 2 93
E 2 17 93
E 17 2 93
E 2 4 125
E 4 2 125
E 3 10 75
E 10 3 75
E 3 11 125
E 11 3 125
E 3 17 93
E 17 3 93
E 4 11 125
E 11 4 125
E 4 12 125
E 12 4 125
E 5 7 75
E 7 5 75
E 5 8 112
E 8 5 112
E 5 9 75
E 9 5 75
E 5 15 37
E 15 5 37
E 5 16 75
E 16 5 75
E 6 16 75
E 16 6 75
E 6 19 37
E 19 6 37
E 7 12 75
E 12 7 75
E 8 13 25
E 13 8 25
E 8 14 25
E 14 8 25
E 9 10 50
E 10 9 50
E 11 12 156
E 12 11 156
E 11 18 75
E 18 11 75
E 17 18 75
E 18 17 75
