G 20 60 infuhr2011
V 0 249
V 1 317
V 2 25
V 3 298
V 4 336
V 5 368
V 6 423
V 7 573
V 8 450
V 9 442
V 10 150
V 11 37
V 12 150
V 13 279
V 14 37
V 15 150
V 16 150
V 17 150
V 18 461
V 19 261
E 0 1 112
E 1 0 112
E 0 2 25
E 2 0 25
E 0 3 112
E 3 0 112
E 1 4 112
E 4 1 112
E 1 7 93
E 7 1 93
E 3 5 93
E 5 3 93
E 3 6 93
E 6 3 93
E 4 6 112
E 6 4 112
E 4 7 112
E 7 4 112
E 5 15 75
E 15 5 75
E 5 8 125
E 8 5 125
E 5 16 75
E 16 5 75
E 6 9 125
E 9 6 125
E 6 13 93
E 13 6 93
E 7 8 125
E 8 7 125
E 7 10 75
E 10 7 75
E 7 13 93
E 13 7 93
E 7 15 75
E 15 7 75
E 8 16 75
E 16 8 75
E 8 18 125
E 18 8 125
E 9 11 37
E 11 9 37
E 9 12 75
E 12 9 75
E 9 14 37
E 14 9 37
E 9 17 75
E 17 9 75
E 9 19 93
E 19 9 93
E 10 18 75
E 18 10 75
E 12 19 75
E 19 12 75
E 13 18 93
E 18 13 93
E 17 18 75
E 18 17 75
E 18 19 93
E 19 18 93
