G 20 52 infuhr2011
V 0 37
V 1 274
V 2 37
V 3 418
V 4 279
V 5 386
V 6 125
V 7 150
V 8 298
V 9 274
V 10 125
V 11 100
V 12 125
V 13 336
V 14 243
V 15 279
V 16 25
V 17 279
V 18 280
V 19 150
E 0 1 37
E 1 0 37
E 1 2 37
E 2 1 37
E 1 3 125
E 3 1 125
E 1 6 75
E 6 1 75
E 3 4 93
E 4 3 93
E 3 5 125
E 5 3 125
E 3 11 75
E 11 3 75
E 4 5 93
E 5 4 93
E 4 15 93
E 15 4 93
E 5 7 75
E 7 5 75
E 5 8 93
E 8 5 93
E 6 10 50
E 10 6 50
E 7 13 75
E 13 7 75
E 8 9 112
E 9 8 112
E 8 17 93
E 17 8 93
E 9 12 50
E 12 9 50
E 9 18 112
E 18 9 112
E 10 14 75
E 14 10 75
E 11 16 25
E 16 11 25
E 12 18 75
E 18 12 75
E 13 14 93
E 14 13 93
E 13 15 93
E 15 13 93
E 13 19 75
E 19 13 75
E 14 19 75
E 19 14 75
E 15 17 93
E 17 15 93
E 17 18 93
E 18 17 93
