G 20 74 infuhr2011
V 0 150
V 1 1054
V 2 1277
V 3 766
V 4 150
V 5 298
V 6 898
V 7 867
V 8 336
V 9 1090
V 10 150
V 11 37
V 12 587
V 13 150
V 14 400
V 15 150
V 16 150
V 17 205
V 18 37
V 19 150
E 0 1 75
E 1 0 75
E 0 7 75
E 7 0 75
E 1 2 218
E 2 1 218
E 1 14 125
E 14 1 125
E 1 9 218
E 9 1 218
E 1 12 156
E 12 1 156
E 1 7 187
E 7 1 187
E 1 15 75
E 15 1 75
E 2 3 187
E 3 2 187
E 2 5 93
E 5 2 93
E 2 7 187
E 7 2 187
E 2 8 112
E 8 2 112
E 2 9 218
E 9 2 218
E 2 10 75
E 10 2 75
E 2 6 187
E 6 2 187
E 3 4 75
E 4 3 75
E 3 6 187
E 6 3 187
E 3 11 37
E 11 3 37
E 3 17 93
E 17 3 93
E 3 9 187
E 9 3 187
E 4 17 75
E 17 4 75
E 5 9 93
E 9 5 93
E 5 8 112
E 8 5 112
E 6 9 187
E 9 6 187
E 6 10 75
E 10 6 75
E 6 19 75
E 19 6 75
E 6 7 187
E 7 6 187
E 7 12 156
E 12 7 156
E 7 15 75
E 15 7 75
E 8 9 112
E 9 8 112
E 9 19 75
E 19 9 75
E 12 13 75
E 13 12 75
E 12 16 75
E 16 12 75
E 12 14 125
E 14 12 125
E 13 14 75
E 14 13 75
E 14 16 75
E 16 14 75
E 17 18 37
E 18 17 37
