G 20 62 infuhr2011
V 0 25
V 1 100
V 2 261
V 3 923
V 4 150
V 5 279
V 6 380
V 7 399
V 8 150
V 9 150
V 10 610
V 11 150
V 12 37
V 13 1110
V 14 137
V 15 37
V 16 150
V 17 124
V 18 150
V 19 124
E 0 1 25
E 1 0 25
E 1 2 75
E 2 1 75
E 2 3 93
E 3 2 93
E 2 13 93
E 13 2 93
E 3 4 75
E 4 3 75
E 3 5 93
E 5 3 93
E 3 9 75
E 9 3 75
E 3 10 187
E 10 3 187
E 3 11 75
E 11 3 75
E 3 18 75
E 18 3 75
E 3 13 250
E 13 3 250
E 4 13 75
E 13 4 75
E 5 6 93
E 6 5 93
E 5 13 93
E 13 5 93
E 6 7 125
E 7 6 125
E 6 12 37
E 12 6 37
E 6 13 125
E 13 6 125
E 7 8 75
E 8 7 75
E 7 19 62
E 19 7 62
E 7 17 62
E 17 7 62
E 7 16 75
E 16 7 75
E 8 14 75
E 14 8 75
E 9 13 75
E 13 9 75
E 10 13 187
E 13 10 187
E 10 15 37
E 15 10 37
E 10 16 75
E 16 10 75
E 10 17 62
E 17 10 62
E 10 19 62
E 19 10 62
E 11 13 75
E 13 11 75
E 13 14 62
E 14 13 62
E 13 18 75
E 18 13 75
