G 20 50 infuhr2011
V 0 37
V 1 260
V 2 261
V 3 37
V 4 279
V 5 404
V 6 261
V 7 150
V 8 436
V 9 205
V 10 37
V 11 386
V 12 150
V 13 261
V 14 243
V 15 125
V 16 75
V 17 125
V 18 25
V 19 125
E 0 1 37
E 1 0 37
E 1 2 93
E 2 1 93
E 1 3 37
E 3 1 37
E 1 9 93
E 9 1 93
E 2 4 93
E 4 2 93
E 2 7 75
E 7 2 75
E 4 5 93
E 5 4 93
E 4 8 93
E 8 4 93
E 5 6 93
E 6 5 93
E 5 13 93
E 13 5 93
E 5 8 125
E 8 5 125
E 6 7 75
E 7 6 75
E 6 8 93
E 8 6 93
E 8 11 125
E 11 8 125
E 9 10 37
E 10 9 37
E 9 12 75
E 12 9 75
E 11 12 75
E 12 11 75
E 11 14 93
E 14 11 93
E 11 13 93
E 13 11 93
E 13 15 75
E 15 13 75
E 14 17 75
E 17 14 75
E 14 19 75
E 19 14 75
E 15 16 50
E 16 15 50
E 16 18 25
E 18 16 25
E 17 19 50
E 19 17 50
