G 20 54 infuhr2011
V 0 37
V 1 715
V 2 37
V 3 623
V 4 243
V 5 248
V 6 37
V 7 37
V 8 150
V 9 150
V 10 279
V 11 125
V 12 497
V 13 99
V 14 37
V 15 124
V 16 125
V 17 330
V 18 248
V 19 37
E 0 1 37
E 1 0 37
E 1 2 37
E 2 1 37
E 1 3 156
E 3 1 156
E 1 4 93
E 4 1 93
E 1 6 37
E 6 1 37
E 1 7 37
E 7 1 37
E 1 8 75
E 8 1 75
E 1 11 75
E 11 1 75
E 1 10 93
E 10 1 93
E 1 9 75
E 9 1 75
E 3 5 93
E 5 3 93
E 3 10 93
E 10 3 93
E 3 17 125
E 17 3 125
E 3 12 156
E 12 3 156
E 4 9 75
E 9 4 75
E 4 8 75
E 8 4 75
E 5 13 62
E 13 5 62
E 5 12 93
E 12 5 93
E 10 12 93
E 12 10 93
E 11 16 50
E 16 11 50
E 12 15 62
E 15 12 62
E 12 18 93
E 18 12 93
E 13 14 37
E 14 13 37
E 15 18 62
E 18 15 62
E 16 17 75
E 17 16 75
E 17 18 93
E 18 17 93
E 17 19 37
E 19 17 37
