G 20 58 infuhr2011
V 0 486
V 1 279
V 2 100
V 3 436
V 4 298
V 5 25
V 6 450
V 7 274
V 8 536
V 9 279
V 10 125
V 11 461
V 12 37
V 13 37
V 14 798
V 15 100
V 16 560
V 17 37
V 18 25
V 19 37
E 0 1 93
E 1 0 93
E 0 2 75
E 2 0 75
E 0 6 125
E 6 0 125
E 0 13 37
E 13 0 37
E 0 14 156
E 14 0 156
E 1 3 93
E 3 1 93
E 1 16 93
E 16 1 93
E 2 5 25
E 5 2 25
E 3 4 93
E 4 3 93
E 3 14 125
E 14 3 125
E 3 8 125
E 8 3 125
E 4 7 112
E 7 4 112
E 4 16 93
E 16 4 93
E 6 8 125
E 8 6 125
E 6 10 75
E 10 6 75
E 6 16 125
E 16 6 125
E 7 10 50
E 10 7 50
E 7 14 112
E 14 7 112
E 8 9 93
E 9 8 93
E 8 11 156
E 11 8 156
E 8 12 37
E 12 8 37
E 9 16 93
E 16 9 93
E 9 14 93
E 14 9 93
E 11 14 156
E 14 11 156
E 11 15 75
E 15 11 75
E 11 17 37
E 17 11 37
E 11 19 37
E 19 11 37
E 14 16 156
E 16 14 156
E 15 18 25
E 18 15 25
