G 20 52 infuhr2011
V 0 386
V 1 205
V 2 37
V 3 125
V 4 150
V 5 205
V 6 37
V 7 616
V 8 125
V 9 100
V 10 261
V 11 150
V 12 124
V 13 150
V 14 279
V 15 416
V 16 167
V 17 261
V 18 37
V 19 37
E 0 1 93
E 1 0 93
E 0 3 75
E 3 0 75
E 0 5 93
E 5 0 93
E 0 7 125
E 7 0 125
E 1 2 37
E 2 1 37
E 1 4 75
E 4 1 75
E 3 9 50
E 9 3 50
E 4 5 75
E 5 4 75
E 5 6 37
E 6 5 37
E 7 8 75
E 8 7 75
E 7 10 93
E 10 7 93
E 7 11 75
E 11 7 75
E 7 12 62
E 12 7 62
E 7 14 93
E 14 7 93
E 7 17 93
E 17 7 93
E 8 9 50
E 9 8 50
E 10 13 75
E 13 10 75
E 10 15 93
E 15 10 93
E 11 15 75
E 15 11 75
E 12 15 62
E 15 12 62
E 13 17 75
E 17 13 75
E 14 16 93
E 16 14 93
E 14 15 93
E 15 14 93
E 15 17 93
E 17 15 93
E 16 18 37
E 18 16 37
E 16 19 37
E 19 16 37
