G 20 50 infuhr2011
V 0 261
V 1 150
V 2 555
V 3 279
V 4 555
V 5 150
V 6 536
V 7 125
V 8 279
V 9 150
V 10 223
V 11 125
V 12 37
V 13 37
V 14 174
V 15 37
V 16 124
V 17 99
V 18 37
V 19 37
E 0 1 75
E 1 0 75
E 0 3 93
E 3 0 93
E 0 8 93
E 8 0 93
E 1 2 75
E 2 1 75
E 2 4 156
E 4 2 156
E 2 6 156
E 6 2 156
E 2 7 75
E 7 2 75
E 2 8 93
E 8 2 93
E 3 10 93
E 10 3 93
E 3 4 93
E 4 3 93
E 4 5 75
E 5 4 75
E 4 11 75
E 11 4 75
E 4 6 156
E 6 4 156
E 5 6 75
E 6 5 75
E 6 9 75
E 9 6 75
E 6 12 37
E 12 6 37
E 6 13 37
E 13 6 37
E 7 11 50
E 11 7 50
E 8 10 93
E 10 8 93
E 9 14 75
E 14 9 75
E 10 19 37
E 19 10 37
E 14 15 37
E 15 14 37
E 14 16 62
E 16 14 62
E 16 17 62
E 17 16 62
E 17 18 37
E 18 17 37
