G 20 70 infuhr2011
V 0 37
V 1 936
V 2 368
V 3 412
V 4 1386
V 5 336
V 6 450
V 7 500
V 8 150
V 9 125
V 10 487
V 11 125
V 12 37
V 13 37
V 14 487
V 15 336
V 16 298
V 17 150
V 18 630
V 19 37
E 0 1 37
E 1 0 37
E 1 2 125
E 2 1 125
E 1 3 125
E 3 1 125
E 1 5 112
E 5 1 112
E 1 19 37
E 19 1 37
E 1 14 125
E 14 1 125
E 1 7 125
E 7 1 125
E 1 4 250
E 4 1 250
E 2 16 93
E 16 2 93
E 2 17 75
E 17 2 75
E 2 8 75
E 8 2 75
E 3 4 125
E 4 3 125
E 3 12 37
E 12 3 37
E 3 10 125
E 10 3 125
E 4 6 125
E 6 4 125
E 4 7 125
E 7 4 125
E 4 8 75
E 8 4 75
E 4 9 75
E 9 4 75
E 4 10 125
E 10 4 125
E 4 13 37
E 13 4 37
E 4 18 156
E 18 4 156
E 4 14 125
E 14 4 125
E 4 16 93
E 16 4 93
E 4 17 75
E 17 4 75
E 5 10 112
E 10 5 112
E 5 18 112
E 18 5 112
E 6 11 75
E 11 6 75
E 6 14 125
E 14 6 125
E 6 18 125
E 18 6 125
E 7 10 125
E 10 7 125
E 7 18 125
E 18 7 125
E 9 11 50
E 11 9 50
E 14 15 112
E 15 14 112
E 15 18 112
E 18 15 112
E 15 16 112
E 16 15 112
