G 20 76 infuhr2011
V 0 279
V 1 1700
V 2 279
V 3 279
V 4 279
V 5 336
V 6 1543
V 7 336
V 8 279
V 9 236
V 10 37
V 11 37
V 12 279
V 13 37
V 14 1725
V 15 125
V 16 150
V 17 150
V 18 75
V 19 25
E 0 1 93
E 1 0 93
E 0 14 93
E 14 0 93
E 0 6 93
E 6 0 93
E 1 2 93
E 2 1 93
E 1 3 93
E 3 1 93
E 1 4 93
E 4 1 93
E 1 5 112
E 5 1 112
E 1 7 112
E 7 1 112
E 1 9 125
E 9 1 125
E 1 12 93
E 12 1 93
E 1 14 375
E 14 1 375
E 1 8 93
E 8 1 93
E 1 6 343
E 6 1 343
E 1 17 75
E 17 1 75
E 2 14 93
E 14 2 93
E 2 6 93
E 6 2 93
E 3 14 93
E 14 3 93
E 3 6 93
E 6 3 93
E 4 6 93
E 6 4 93
E 4 14 93
E 14 4 93
E 5 6 112
E 6 5 112
E 5 14 112
E 14 5 112
E 6 8 93
E 8 6 93
E 6 16 75
E 16 6 75
E 6 7 112
E 7 6 112
E 6 14 343
E 14 6 343
E 6 12 93
E 12 6 93
E 7 14 112
E 14 7 112
E 8 14 93
E 14 8 93
E 9 10 37
E 10 9 37
E 9 11 37
E 11 9 37
E 9 13 37
E 13 9 37
E 12 14 93
E 14 12 93
E 14 15 75
E 15 14 75
E 14 17 75
E 17 14 75
E 14 16 75
E 16 14 75
E 15 18 50
E 18 15 50
E 18 19 25
E 19 18 25
