G 20 50 infuhr2011
V 0 37
V 1 567
V 2 124
V 3 459
V 4 504
V 5 37
V 6 324
V 7 37
V 8 243
V 9 37
V 10 124
V 11 37
V 12 37
V 13 467
V 14 125
V 15 125
V 16 37
V 17 37
V 18 124
V 19 124
E 0 1 37
E 1 0 37
E 1 2 62
E 2 1 62
E 1 4 156
E 4 1 156
E 1 13 156
E 13 1 156
E 1 3 156
E 3 1 156
E 2 3 62
E 3 2 62
E 3 5 37
E 5 3 37
E 3 7 37
E 7 3 37
E 3 8 93
E 8 3 93
E 3 11 37
E 11 3 37
E 3 16 37
E 16 3 37
E 4 6 125
E 6 4 125
E 4 10 62
E 10 4 62
E 4 12 37
E 12 4 37
E 4 19 62
E 19 4 62
E 4 18 62
E 18 4 62
E 6 9 37
E 9 6 37
E 6 17 37
E 17 6 37
E 6 13 125
E 13 6 125
E 8 14 75
E 14 8 75
E 8 15 75
E 15 8 75
E 10 13 62
E 13 10 62
E 13 18 62
E 18 13 62
E 13 19 62
E 19 13 62
E 14 15 50
E 15 14 50
