G 20 58 infuhr2011
V 0 124
V 1 423
V 2 580
V 3 785
V 4 261
V 5 261
V 6 37
V 7 150
V 8 822
V 9 37
V 10 230
V 11 150
V 12 223
V 13 37
V 14 150
V 15 150
V 16 37
V 17 150
V 18 150
V 19 261
E 0 1 62
E 1 0 62
E 0 10 62
E 10 0 62
E 1 2 156
E 2 1 156
E 1 4 93
E 4 1 93
E 1 16 37
E 16 1 37
E 1 11 75
E 11 1 75
E 2 3 156
E 3 2 156
E 2 6 37
E 6 2 37
E 2 8 156
E 8 2 156
E 2 14 75
E 14 2 75
E 3 5 93
E 5 3 93
E 3 7 75
E 7 3 75
E 3 17 75
E 17 3 75
E 3 19 93
E 19 3 93
E 3 15 75
E 15 3 75
E 3 8 218
E 8 3 218
E 4 12 93
E 12 4 93
E 4 14 75
E 14 4 75
E 5 18 75
E 18 5 75
E 5 8 93
E 8 5 93
E 7 8 75
E 8 7 75
E 8 9 37
E 9 8 37
E 8 15 75
E 15 8 75
E 8 17 75
E 17 8 75
E 8 19 93
E 19 8 93
E 10 11 75
E 11 10 75
E 10 12 93
E 12 10 93
E 12 13 37
E 13 12 37
E 18 19 75
E 19 18 75
