G 20 52 infuhr2011
V 0 25
V 1 100
V 2 492
V 3 261
V 4 567
V 5 150
V 6 504
V 7 150
V 8 124
V 9 124
V 10 150
V 11 150
V 12 205
V 13 150
V 14 124
V 15 174
V 16 37
V 17 37
V 18 99
V 19 37
E 0 1 25
E 1 0 25
E 1 2 75
E 2 1 75
E 2 3 93
E 3 2 93
E 2 4 156
E 4 2 156
E 2 12 93
E 12 2 93
E 2 10 75
E 10 2 75
E 3 6 93
E 6 3 93
E 3 10 75
E 10 3 75
E 4 5 75
E 5 4 75
E 4 9 62
E 9 4 62
E 4 14 62
E 14 4 62
E 4 11 75
E 11 4 75
E 4 8 62
E 8 4 62
E 4 7 75
E 7 4 75
E 5 6 75
E 6 5 75
E 6 7 75
E 7 6 75
E 6 8 62
E 8 6 62
E 6 11 75
E 11 6 75
E 6 14 62
E 14 6 62
E 6 9 62
E 9 6 62
E 12 13 75
E 13 12 75
E 12 16 37
E 16 12 37
E 13 15 75
E 15 13 75
E 15 17 37
E 17 15 37
E 15 18 62
E 18 15 62
E 18 19 37
E 19 18 37
