G 20 58 infuhr2011
V 0 261
V 1 125
V 2 274
V 3 746
V 4 279
V 5 279
V 6 335
V 7 791
V 8 461
V 9 37
V 10 186
V 11 37
V 12 37
V 13 37
V 14 37
V 15 100
V 16 150
V 17 884
V 18 25
V 19 279
E 0 1 75
E 1 0 75
E 0 3 93
E 3 0 93
E 0 6 93
E 6 0 93
E 1 2 50
E 2 1 50
E 2 10 112
E 10 2 112
E 2 6 112
E 6 2 112
E 3 4 93
E 4 3 93
E 3 5 93
E 5 3 93
E 3 17 187
E 17 3 187
E 3 19 93
E 19 3 93
E 3 7 187
E 7 3 187
E 4 6 93
E 6 4 93
E 4 17 93
E 17 4 93
E 5 7 93
E 7 5 93
E 5 17 93
E 17 5 93
E 6 9 37
E 9 6 37
E 7 8 156
E 8 7 156
E 7 16 75
E 16 7 75
E 7 17 187
E 17 7 187
E 7 19 93
E 19 7 93
E 8 13 37
E 13 8 37
E 8 14 37
E 14 8 37
E 8 15 75
E 15 8 75
E 8 17 156
E 17 8 156
E 10 11 37
E 11 10 37
E 10 12 37
E 12 10 37
E 15 18 25
E 18 15 25
E 16 17 75
E 17 16 75
E 17 19 93
E 19 17 93
