G 20 62 infuhr2011
V 0 37
V 1 630
V 2 998
V 3 279
V 4 897
V 5 468
V 6 630
V 7 37
V 8 450
V 9 274
V 10 37
V 11 100
V 12 249
V 13 25
V 14 37
V 15 150
V 16 674
V 17 37
V 18 450
V 19 25
E 0 1 37
E 1 0 37
E 1 2 156
E 2 1 156
E 1 8 125
E 8 1 125
E 1 4 156
E 4 1 156
E 1 16 156
E 16 1 156
E 2 3 93
E 3 2 93
E 2 8 125
E 8 2 125
E 2 4 218
E 4 2 218
E 2 6 156
E 6 2 156
E 2 18 125
E 18 2 125
E 2 5 125
E 5 2 125
E 3 4 93
E 4 3 93
E 3 5 93
E 5 3 93
E 4 5 125
E 5 4 125
E 4 6 156
E 6 4 156
E 4 10 37
E 10 4 37
E 4 12 112
E 12 4 112
E 5 18 125
E 18 5 125
E 6 7 37
E 7 6 37
E 6 9 125
E 9 6 125
E 6 16 156
E 16 6 156
E 8 15 75
E 15 8 75
E 8 16 125
E 16 8 125
E 9 11 75
E 11 9 75
E 9 14 37
E 14 9 37
E 9 17 37
E 17 9 37
E 11 19 25
E 19 11 25
E 12 13 25
E 13 12 25
E 12 16 112
E 16 12 112
E 15 18 75
E 18 15 75
E 16 18 125
E 18 16 125
