G 20 68 infuhr2011
V 0 124
V 1 1047
V 2 279
V 3 124
V 4 616
V 5 37
V 6 968
V 7 150
V 8 150
V 9 37
V 10 150
V 11 1155
V 12 37
V 13 150
V 14 729
V 15 605
V 16 150
V 17 150
V 18 150
V 19 124
E 0 1 62
E 1 0 62
E 0 3 62
E 3 0 62
E 1 2 93
E 2 1 93
E 1 4 187
E 4 1 187
E 1 6 250
E 6 1 250
E 1 12 37
E 12 1 37
E 1 15 156
E 15 1 156
E 1 14 187
E 14 1 187
E 1 17 75
E 17 1 75
E 2 6 93
E 6 2 93
E 2 4 93
E 4 2 93
E 3 14 62
E 14 3 62
E 4 5 37
E 5 4 37
E 4 9 37
E 9 4 37
E 4 17 75
E 17 4 75
E 4 11 187
E 11 4 187
E 6 7 75
E 7 6 75
E 6 8 75
E 8 6 75
E 6 10 75
E 10 6 75
E 6 13 75
E 13 6 75
E 6 18 75
E 18 6 75
E 6 11 250
E 11 6 250
E 7 11 75
E 11 7 75
E 8 11 75
E 11 8 75
E 10 11 75
E 11 10 75
E 11 14 187
E 14 11 187
E 11 13 75
E 13 11 75
E 11 18 75
E 18 11 75
E 11 15 156
E 15 11 156
E 14 15 156
E 15 14 156
E 14 16 75
E 16 14 75
E 14 19 62
E 19 14 62
E 15 19 62
E 19 15 62
E 15 16 75
E 16 15 75
