G 30 94 infuhr2011
V 0 1208
V 1 125
V 2 75
V 3 124
V 4 798
V 5 150
V 6 150
V 7 150
V 8 37
V 9 1272
V 10 124
V 11 167
V 12 623
V 13 124
V 14 25
V 15 37
V 16 867
V 17 124
V 18 348
V 19 37
V 20 124
V 21 279
V 22 37
V 23 150
V 24 37
V 25 150
V 26 150
V 27 573
V 28 150
V 29 279
E 0 1 75
E 1 0 75
E 0 3 62
E 3 0 62
E 0 4 218
E 4 0 218
E 0 7 75
E 7 0 75
E 0 8 37
E 8 0 37
E 0 10 62
E 10 0 62
E 0 11 93
E 11 0 93
E 0 23 75
E 23 0 75
E 0 26 75
E 26 0 75
E 0 17 62
E 17 0 62
E 0 9 312
E 9 0 312
E 0 13 62
E 13 0 62
E 1 2 50
E 2 1 50
E 2 14 25
E 14 2 25
E 3 9 62
E 9 3 62
E 4 5 75
E 5 4 75
E 4 6 75
E 6 4 75
E 4 16 218
E 16 4 218
E 4 20 62
E 20 4 62
E 4 25 75
E 25 4 75
E 4 28 75
E 28 4 75
E 5 16 75
E 16 5 75
E 6 16 75
E 16 6 75
E 7 9 75
E 9 7 75
E 9 12 156
E 12 9 156
E 9 13 62
E 13 9 62
E 9 17 62
E 17 9 62
E 9 27 156
E 27 9 156
E 9 16 250
E 16 9 250
E 9 10 62
E 10 9 62
E 9 23 75
E 23 9 75
E 11 15 37
E 15 11 37
E 11 22 37
E 22 11 37
E 12 18 125
E 18 12 125
E 12 21 93
E 21 12 93
E 12 29 93
E 29 12 93
E 12 27 156
E 27 12 156
E 16 19 37
E 19 16 37
E 16 25 75
E 25 16 75
E 16 28 75
E 28 16 75
E 16 20 62
E 20 16 62
E 18 24 37
E 24 18 37
E 18 29 93
E 29 18 93
E 18 21 93
E 21 18 93
E 21 27 93
E 27 21 93
E 26 27 75
E 27 26 75
E 27 29 93
E 29 27 93
