G 20 64 infuhr2011
V 0 150
V 1 605
V 2 810
V 3 412
V 4 298
V 5 279
V 6 336
V 7 561
V 8 418
V 9 443
V 10 506
V 11 150
V 12 150
V 13 243
V 14 150
V 15 125
V 16 37
V 17 125
V 18 125
V 19 125
E 0 1 75
E 1 0 75
E 0 8 75
E 8 0 75
E 1 2 156
E 2 1 156
E 1 3 125
E 3 1 125
E 1 7 156
E 7 1 156
E 1 5 93
E 5 1 93
E 2 4 93
E 4 2 93
E 2 5 93
E 5 2 93
E 2 6 112
E 6 2 112
E 2 8 125
E 8 2 125
E 2 12 75
E 12 2 75
E 2 10 156
E 10 2 156
E 3 9 125
E 9 3 125
E 3 10 125
E 10 3 125
E 3 16 37
E 16 3 37
E 4 7 93
E 7 4 93
E 4 6 112
E 6 4 112
E 5 8 93
E 8 5 93
E 6 7 112
E 7 6 112
E 7 12 75
E 12 7 75
E 7 8 125
E 8 7 125
E 9 13 93
E 13 9 93
E 9 17 75
E 17 9 75
E 9 19 75
E 19 9 75
E 9 18 75
E 18 9 75
E 10 11 75
E 11 10 75
E 10 15 75
E 15 10 75
E 10 14 75
E 14 10 75
E 11 13 75
E 13 11 75
E 13 14 75
E 14 13 75
E 15 18 50
E 18 15 50
E 17 19 50
E 19 17 50
