G 20 58 infuhr2011
V 0 261
V 1 591
V 2 492
V 3 299
V 4 279
V 5 404
V 6 150
V 7 279
V 8 37
V 9 150
V 10 299
V 11 279
V 12 466
V 13 262
V 14 542
V 15 187
V 16 37
V 17 100
V 18 37
V 19 25
E 0 1 93
E 1 0 93
E 0 6 75
E 6 0 75
E 0 14 93
E 14 0 93
E 1 2 156
E 2 1 156
E 1 4 93
E 4 1 93
E 1 7 93
E 7 1 93
E 1 14 156
E 14 1 156
E 2 3 112
E 3 2 112
E 2 8 37
E 8 2 37
E 2 9 75
E 9 2 75
E 2 10 112
E 10 2 112
E 3 13 75
E 13 3 75
E 3 12 112
E 12 3 112
E 4 5 93
E 5 4 93
E 4 12 93
E 12 4 93
E 5 11 93
E 11 5 93
E 5 14 125
E 14 5 125
E 5 7 93
E 7 5 93
E 6 14 75
E 14 6 75
E 7 11 93
E 11 7 93
E 9 15 75
E 15 9 75
E 10 12 112
E 12 10 112
E 10 13 75
E 13 10 75
E 11 14 93
E 14 11 93
E 12 13 112
E 13 12 112
E 12 18 37
E 18 12 37
E 15 16 37
E 16 15 37
E 15 17 75
E 17 15 75
E 17 19 25
E 19 17 25
