G 20 56 infuhr2011
V 0 437
V 1 150
V 2 718
V 3 436
V 4 336
V 5 368
V 6 487
V 7 362
V 8 362
V 9 261
V 10 349
V 11 100
V 12 37
V 13 150
V 14 37
V 15 25
V 16 150
V 17 37
V 18 223
V 19 37
E 0 1 75
E 1 0 75
E 0 2 125
E 2 0 125
E 0 4 112
E 4 0 112
E 0 7 125
E 7 0 125
E 1 10 75
E 10 1 75
E 2 3 125
E 3 2 125
E 2 5 125
E 5 2 125
E 2 8 125
E 8 2 125
E 2 18 93
E 18 2 93
E 2 6 125
E 6 2 125
E 3 6 125
E 6 3 125
E 3 9 93
E 9 3 93
E 3 18 93
E 18 3 93
E 4 6 112
E 6 4 112
E 4 10 112
E 10 4 112
E 5 11 75
E 11 5 75
E 5 16 75
E 16 5 75
E 5 9 93
E 9 5 93
E 6 7 125
E 7 6 125
E 7 14 37
E 14 7 37
E 7 13 75
E 13 7 75
E 8 10 125
E 10 8 125
E 8 13 75
E 13 8 75
E 8 17 37
E 17 8 37
E 9 16 75
E 16 9 75
E 10 12 37
E 12 10 37
E 11 15 25
E 15 11 25
E 18 19 37
E 19 18 37
