G 20 52 infuhr2011
V 0 261
V 1 336
V 2 274
V 3 423
V 4 125
V 5 280
V 6 487
V 7 37
V 8 279
V 9 330
V 10 348
V 11 37
V 12 261
V 13 37
V 14 125
V 15 436
V 16 125
V 17 167
V 18 37
V 19 37
E 0 1 112
E 1 0 112
E 0 2 112
E 2 0 112
E 0 7 37
E 7 0 37
E 1 5 112
E 5 1 112
E 1 6 112
E 6 1 112
E 2 3 112
E 3 2 112
E 2 4 50
E 4 2 50
E 3 8 93
E 8 3 93
E 3 5 93
E 5 3 93
E 3 6 125
E 6 3 125
E 4 9 75
E 9 4 75
E 5 14 75
E 14 5 75
E 6 15 125
E 15 6 125
E 6 9 125
E 9 6 125
E 8 10 93
E 10 8 93
E 8 15 93
E 15 8 93
E 9 12 93
E 12 9 93
E 9 13 37
E 13 9 37
E 10 11 37
E 11 10 37
E 10 17 93
E 17 10 93
E 10 15 125
E 15 10 125
E 12 15 93
E 15 12 93
E 12 16 75
E 16 12 75
E 14 16 50
E 16 14 50
E 17 18 37
E 18 17 37
E 17 19 37
E 19 17 37
