G 20 50 infuhr2011
V 0 37
V 1 690
V 2 37
V 3 37
V 4 547
V 5 150
V 6 279
V 7 137
V 8 150
V 9 100
V 10 37
V 11 386
V 12 279
V 13 25
V 14 223
V 15 137
V 16 37
V 17 37
V 18 217
V 19 124
E 0 1 37
E 1 0 37
E 1 2 37
E 2 1 37
E 1 3 37
E 3 1 37
E 1 4 187
E 4 1 187
E 1 7 62
E 7 1 62
E 1 9 75
E 9 1 75
E 1 16 37
E 16 1 37
E 1 6 93
E 6 1 93
E 1 11 125
E 11 1 125
E 4 5 75
E 5 4 75
E 4 6 93
E 6 4 93
E 4 10 37
E 10 4 37
E 4 12 93
E 12 4 93
E 4 19 62
E 19 4 62
E 5 11 75
E 11 5 75
E 6 11 93
E 11 6 93
E 7 8 75
E 8 7 75
E 8 15 75
E 15 8 75
E 9 13 25
E 13 9 25
E 11 12 93
E 12 11 93
E 12 14 93
E 14 12 93
E 14 17 37
E 17 14 37
E 14 18 93
E 18 14 93
E 15 18 62
E 18 15 62
E 18 19 62
E 19 18 62
