G 20 60 infuhr2011
V 0 150
V 1 430
V 2 150
V 3 697
V 4 150
V 5 37
V 6 37
V 7 124
V 8 637
V 9 37
V 10 823
V 11 618
V 12 100
V 13 25
V 14 387
V 15 150
V 16 124
V 17 124
V 18 400
V 19 150
E 0 1 75
E 1 0 75
E 0 8 75
E 8 0 75
E 1 2 75
E 2 1 75
E 1 7 62
E 7 1 62
E 1 17 62
E 17 1 62
E 1 11 156
E 11 1 156
E 2 3 75
E 3 2 75
E 3 4 75
E 4 3 75
E 3 5 37
E 5 3 37
E 3 6 37
E 6 3 37
E 3 8 156
E 8 3 156
E 3 9 37
E 9 3 37
E 3 16 62
E 16 3 62
E 3 10 218
E 10 3 218
E 4 14 75
E 14 4 75
E 7 10 62
E 10 7 62
E 8 11 156
E 11 8 156
E 8 14 125
E 14 8 125
E 8 18 125
E 18 8 125
E 10 12 75
E 12 10 75
E 10 14 125
E 14 10 125
E 10 11 156
E 11 10 156
E 10 18 125
E 18 10 125
E 10 17 62
E 17 10 62
E 11 15 75
E 15 11 75
E 11 19 75
E 19 11 75
E 12 13 25
E 13 12 25
E 14 16 62
E 16 14 62
E 15 18 75
E 18 15 75
E 18 19 75
E 19 18 75
