G 20 58 infuhr2011
V 0 615
V 1 336
V 2 37
V 3 150
V 4 261
V 5 349
V 6 405
V 7 580
V 8 249
V 9 25
V 10 261
V 11 150
V 12 150
V 13 37
V 14 386
V 15 150
V 16 280
V 17 279
V 18 37
V 19 279
E 0 1 112
E 1 0 112
E 0 2 37
E 2 0 37
E 0 3 75
E 3 0 75
E 0 4 93
E 4 0 93
E 0 8 112
E 8 0 112
E 0 17 93
E 17 0 93
E 0 19 93
E 19 0 93
E 1 5 112
E 5 1 112
E 1 6 112
E 6 1 112
E 3 10 75
E 10 3 75
E 4 12 75
E 12 4 75
E 4 10 93
E 10 4 93
E 5 11 75
E 11 5 75
E 5 13 37
E 13 5 37
E 5 7 125
E 7 5 125
E 6 7 125
E 7 6 125
E 6 17 93
E 17 6 93
E 6 11 75
E 11 6 75
E 7 14 125
E 14 7 125
E 7 15 75
E 15 7 75
E 7 18 37
E 18 7 37
E 7 19 93
E 19 7 93
E 8 9 25
E 9 8 25
E 8 16 112
E 16 8 112
E 10 16 93
E 16 10 93
E 12 16 75
E 16 12 75
E 14 17 93
E 17 14 93
E 14 19 93
E 19 14 93
E 14 15 75
E 15 14 75
