G 20 54 infuhr2011
V 0 37
V 1 454
V 2 766
V 3 510
V 4 492
V 5 223
V 6 279
V 7 248
V 8 125
V 9 150
V 10 99
V 11 37
V 12 279
V 13 125
V 14 37
V 15 37
V 16 205
V 17 125
V 18 125
V 19 37
E 0 1 37
E 1 0 37
E 1 2 156
E 2 1 156
E 1 7 93
E 7 1 93
E 1 5 93
E 5 1 93
E 1 9 75
E 9 1 75
E 2 3 156
E 3 2 156
E 2 4 156
E 4 2 156
E 2 12 93
E 12 2 93
E 2 13 75
E 13 2 75
E 2 15 37
E 15 2 37
E 2 6 93
E 6 2 93
E 3 6 93
E 6 3 93
E 3 16 93
E 16 3 93
E 3 17 75
E 17 3 75
E 3 12 93
E 12 3 93
E 4 5 93
E 5 4 93
E 4 7 93
E 7 4 93
E 4 8 75
E 8 4 75
E 4 9 75
E 9 4 75
E 5 14 37
E 14 5 37
E 6 12 93
E 12 6 93
E 7 10 62
E 10 7 62
E 8 13 50
E 13 8 50
E 10 11 37
E 11 10 37
E 16 19 37
E 19 16 37
E 16 18 75
E 18 16 75
E 17 18 50
E 18 17 50
