G 20 52 infuhr2011
V 0 137
V 1 100
V 2 342
V 3 809
V 4 37
V 5 150
V 6 554
V 7 205
V 8 243
V 9 124
V 10 124
V 11 248
V 12 100
V 13 124
V 14 125
V 15 37
V 16 150
V 17 25
V 18 125
V 19 25
E 0 1 75
E 1 0 75
E 0 2 62
E 2 0 62
E 1 19 25
E 19 1 25
E 2 3 125
E 3 2 125
E 2 13 62
E 13 2 62
E 2 11 93
E 11 2 93
E 3 4 37
E 4 3 37
E 3 5 75
E 5 3 75
E 3 7 93
E 7 3 93
E 3 8 93
E 8 3 93
E 3 9 62
E 9 3 62
E 3 10 62
E 10 3 62
E 3 16 75
E 16 3 75
E 3 6 187
E 6 3 187
E 5 6 75
E 6 5 75
E 6 11 93
E 11 6 93
E 6 16 75
E 16 6 75
E 6 9 62
E 9 6 62
E 6 10 62
E 10 6 62
E 7 12 75
E 12 7 75
E 7 15 37
E 15 7 37
E 8 14 75
E 14 8 75
E 8 18 75
E 18 8 75
E 11 13 62
E 13 11 62
E 12 17 25
E 17 12 25
E 14 18 50
E 18 14 50
