G 20 50 infuhr2011
V 0 450
V 1 362
V 2 125
V 3 150
V 4 37
V 5 448
V 6 124
V 7 192
V 8 37
V 9 368
V 10 248
V 11 368
V 12 125
V 13 125
V 14 167
V 15 125
V 16 37
V 17 150
V 18 37
V 19 137
E 0 1 125
E 1 0 125
E 0 3 75
E 3 0 75
E 0 9 125
E 9 0 125
E 0 11 125
E 11 0 125
E 1 2 75
E 2 1 75
E 1 4 37
E 4 1 37
E 1 5 125
E 5 1 125
E 2 12 50
E 12 2 50
E 3 11 75
E 11 3 75
E 5 6 62
E 6 5 62
E 5 7 93
E 7 5 93
E 5 10 93
E 10 5 93
E 5 17 75
E 17 5 75
E 6 10 62
E 10 6 62
E 7 8 37
E 8 7 37
E 7 19 62
E 19 7 62
E 9 13 75
E 13 9 75
E 9 14 93
E 14 9 93
E 9 15 75
E 15 9 75
E 10 11 93
E 11 10 93
E 11 17 75
E 17 11 75
E 12 19 75
E 19 12 75
E 13 15 50
E 15 13 50
E 14 16 37
E 16 14 37
E 14 18 37
E 18 14 37
