G 20 58 infuhr2011
V 0 125
V 1 274
V 2 691
V 3 336
V 4 280
V 5 279
V 6 279
V 7 442
V 8 472
V 9 37
V 10 298
V 11 37
V 12 279
V 13 212
V 14 298
V 15 37
V 16 100
V 17 298
V 18 336
V 19 100
E 0 1 50
E 1 0 50
E 0 4 75
E 4 0 75
E 1 2 112
E 2 1 112
E 1 7 112
E 7 1 112
E 2 3 112
E 3 2 112
E 2 6 93
E 6 2 93
E 2 12 93
E 12 2 93
E 2 8 156
E 8 2 156
E 2 7 125
E 7 2 125
E 3 4 112
E 4 3 112
E 3 7 112
E 7 3 112
E 4 5 93
E 5 4 93
E 5 11 37
E 11 5 37
E 5 15 37
E 15 5 37
E 5 18 112
E 18 5 112
E 6 8 93
E 8 6 93
E 6 12 93
E 12 6 93
E 7 10 93
E 10 7 93
E 8 9 37
E 9 8 37
E 8 14 93
E 14 8 93
E 8 10 93
E 10 8 93
E 10 13 112
E 13 10 112
E 12 17 93
E 17 12 93
E 13 16 50
E 16 13 50
E 13 19 50
E 19 13 50
E 14 17 93
E 17 14 93
E 14 18 112
E 18 14 112
E 16 19 50
E 19 16 50
E 17 18 112
E 18 17 112
