G 20 74 infuhr2011
V 0 898
V 1 137
V 2 1704
V 3 25
V 4 262
V 5 175
V 6 262
V 7 475
V 8 925
V 9 262
V 10 225
V 11 375
V 12 400
V 13 100
V 14 274
V 15 966
V 16 212
V 17 100
V 18 125
V 19 150
E 0 8 225
E 0 18 75
E 0 15 187
E 0 6 112
E 0 4 112
E 0 2 187
E 1 7 75
E 1 2 62
E 2 8 225
E 2 8 225
E 2 7 150
E 2 7 150
E 2 19 75
E 2 15 218
E 2 14 112
E 2 12 150
E 2 11 150
E 2 1 62
E 2 0 187
E 3 5 25
E 4 11 75
E 4 0 112
E 4 5 75
E 5 8 75
E 5 4 75
E 5 3 25
E 6 10 75
E 6 8 75
E 6 0 112
E 7 2 150
E 7 2 150
E 7 1 75
E 7 8 100
E 8 5 75
E 8 6 75
E 8 2 225
E 8 0 225
E 8 2 225
E 8 7 100
E 9 15 112
E 9 10 75
E 9 11 75
E 10 6 75
E 10 11 75
E 10 9 75
E 11 4 75
E 11 2 150
E 11 10 75
E 11 9 75
E 12 17 50
E 12 15 150
E 12 2 150
E 12 13 50
E 13 14 50
E 13 12 50
E 14 13 50
E 14 15 112
E 14 2 112
E 15 12 150
E 15 9 112
E 15 14 112
E 15 2 218
E 15 0 187
E 15 19 75
E 15 16 112
E 16 15 112
E 16 17 50
E 16 18 50
E 17 12 50
E 17 16 50
E 18 0 75
E 18 16 50
E 19 2 75
E 19 15 75
