G 20 50 infuhr2011
V 0 125
V 1 125
V 2 386
V 3 279
V 4 298
V 5 125
V 6 243
V 7 37
V 8 100
V 9 410
V 10 125
V 11 125
V 12 37
V 13 230
V 14 230
V 15 261
V 16 137
V 17 150
V 18 125
V 19 124
E 0 1 50
E 1 0 50
E 0 15 75
E 15 0 75
E 1 2 75
E 2 1 75
E 2 3 93
E 3 2 93
E 2 9 125
E 9 2 125
E 2 15 93
E 15 2 93
E 3 4 93
E 4 3 93
E 3 6 93
E 6 3 93
E 4 5 75
E 5 4 75
E 4 7 37
E 7 4 37
E 4 15 93
E 15 4 93
E 5 8 50
E 8 5 50
E 6 10 75
E 10 6 75
E 6 17 75
E 17 6 75
E 8 18 50
E 18 8 50
E 9 12 37
E 12 9 37
E 9 13 93
E 13 9 93
E 9 14 93
E 14 9 93
E 9 19 62
E 19 9 62
E 10 11 50
E 11 10 50
E 11 13 75
E 13 11 75
E 13 16 62
E 16 13 62
E 14 19 62
E 19 14 62
E 14 18 75
E 18 14 75
E 16 17 75
E 17 16 75
