G 20 50 infuhr2011
V 0 37
V 1 223
V 2 666
V 3 223
V 4 324
V 5 854
V 6 150
V 7 37
V 8 410
V 9 236
V 10 37
V 11 37
V 12 99
V 13 37
V 14 37
V 15 37
V 16 124
V 17 37
V 18 37
V 19 248
E 0 1 37
E 1 0 37
E 1 2 93
E 2 1 93
E 1 5 93
E 5 1 93
E 2 3 93
E 3 2 93
E 2 4 125
E 4 2 125
E 2 6 75
E 6 2 75
E 2 5 187
E 5 2 187
E 2 19 93
E 19 2 93
E 3 5 93
E 5 3 93
E 3 7 37
E 7 3 37
E 4 10 37
E 10 4 37
E 4 13 37
E 13 4 37
E 4 5 125
E 5 4 125
E 5 6 75
E 6 5 75
E 5 8 156
E 8 5 156
E 5 9 125
E 9 5 125
E 8 11 37
E 11 8 37
E 8 12 62
E 12 8 62
E 8 16 62
E 16 8 62
E 8 19 93
E 19 8 93
E 9 14 37
E 14 9 37
E 9 15 37
E 15 9 37
E 9 17 37
E 17 9 37
E 12 18 37
E 18 12 37
E 16 19 62
E 19 16 62
