G 20 46 infuhr2011
V 0 37
V 1 223
V 2 261
V 3 397
V 4 37
V 5 292
V 6 37
V 7 37
V 8 37
V 9 150
V 10 37
V 11 530
V 12 124
V 13 211
V 14 37
V 15 37
V 16 311
V 17 124
V 18 124
V 19 37
E 0 1 37
E 1 0 37
E 1 2 93
E 2 1 93
E 1 5 93
E 5 1 93
E 2 3 93
E 3 2 93
E 2 9 75
E 9 2 75
E 3 4 37
E 4 3 37
E 3 6 37
E 6 3 37
E 3 8 37
E 8 3 37
E 3 11 156
E 11 3 156
E 3 14 37
E 14 3 37
E 5 7 37
E 7 5 37
E 5 10 37
E 10 5 37
E 5 11 125
E 11 5 125
E 9 13 75
E 13 9 75
E 11 12 62
E 12 11 62
E 11 16 125
E 16 11 125
E 11 17 62
E 17 11 62
E 12 16 62
E 16 12 62
E 13 15 37
E 15 13 37
E 13 19 37
E 19 13 37
E 13 18 62
E 18 13 62
E 16 18 62
E 18 16 62
E 16 17 62
E 17 16 62
