G 20 48 infuhr2011
V 0 125
V 1 261
V 2 448
V 3 150
V 4 230
V 5 150
V 6 279
V 7 124
V 8 330
V 9 223
V 10 150
V 11 37
V 12 330
V 13 199
V 14 99
V 15 37
V 16 37
V 17 37
V 18 37
V 19 125
E 0 1 75
E 1 0 75
E 0 19 50
E 19 0 50
E 1 2 93
E 2 1 93
E 1 12 93
E 12 1 93
E 2 3 75
E 3 2 75
E 2 5 75
E 5 2 75
E 2 6 93
E 6 2 93
E 2 10 75
E 10 2 75
E 2 15 37
E 15 2 37
E 3 4 75
E 4 3 75
E 4 7 62
E 7 4 62
E 4 9 93
E 9 4 93
E 5 8 75
E 8 5 75
E 6 8 93
E 8 6 93
E 6 9 93
E 9 6 93
E 7 13 62
E 13 7 62
E 8 12 125
E 12 8 125
E 8 18 37
E 18 8 37
E 9 11 37
E 11 9 37
E 10 13 75
E 13 10 75
E 12 16 37
E 16 12 37
E 12 19 75
E 19 12 75
E 13 14 62
E 14 13 62
E 14 17 37
E 17 14 37
