G 20 72 infuhr2011
V 0 1198
V 1 512
V 2 450
V 3 262
V 4 262
V 5 475
V 6 25
V 7 249
V 8 262
V 9 262
V 10 761
V 11 1261
V 12 100
V 13 525
V 14 237
V 15 125
V 16 100
V 17 125
V 18 549
V 19 100
E 0 14 112
E 0 13 150
E 0 18 187
E 0 11 250
E 0 7 112
E 0 4 112
E 0 2 150
E 0 1 125
E 1 5 150
E 1 10 125
E 1 9 112
E 1 0 125
E 2 5 100
E 2 15 50
E 2 11 150
E 2 0 150
E 3 8 75
E 3 10 112
E 3 4 75
E 4 0 112
E 4 5 75
E 4 3 75
E 5 2 100
E 5 11 150
E 5 1 150
E 5 4 75
E 6 7 25
E 7 10 112
E 7 0 112
E 7 6 25
E 8 3 75
E 8 11 112
E 8 9 75
E 9 18 75
E 9 1 112
E 9 8 75
E 10 3 112
E 10 7 112
E 10 1 125
E 10 15 75
E 10 13 150
E 10 11 187
E 11 13 150
E 11 8 112
E 11 5 150
E 11 2 150
E 11 0 250
E 11 18 187
E 11 17 75
E 11 10 187
E 12 18 50
E 12 14 50
E 13 11 150
E 13 0 150
E 13 10 150
E 13 14 75
E 14 0 112
E 14 13 75
E 14 12 50
E 15 2 50
E 15 10 75
E 16 19 50
E 16 17 50
E 17 11 75
E 17 16 50
E 18 9 75
E 18 12 50
E 18 0 187
E 18 11 187
E 18 19 50
E 19 16 50
E 19 18 50
