G 30 70 infuhr2011
V 0 261
V 1 150
V 2 541
V 3 150
V 4 248
V 5 124
V 6 429
V 7 372
V 8 37
V 9 37
V 10 37
V 11 37
V 12 37
V 13 424
V 14 374
V 15 124
V 16 124
V 17 330
V 18 37
V 19 37
V 20 124
V 21 192
V 22 99
V 23 124
V 24 37
V 25 37
V 26 37
V 27 37
V 28 100
V 29 25
E 0 1 75
E 1 0 75
E 0 2 93
E 2 0 93
E 0 4 93
E 4 0 93
E 1 6 75
E 6 1 75
E 2 3 75
E 3 2 75
E 2 5 62
E 5 2 62
E 2 7 187
E 7 2 187
E 2 16 62
E 16 2 62
E 2 15 62
E 15 2 62
E 3 13 75
E 13 3 75
E 4 6 93
E 6 4 93
E 4 5 62
E 5 4 62
E 6 9 37
E 9 6 37
E 6 11 37
E 11 6 37
E 6 14 125
E 14 6 125
E 6 20 62
E 20 6 62
E 7 8 37
E 8 7 37
E 7 10 37
E 10 7 37
E 7 12 37
E 12 7 37
E 7 24 37
E 24 7 37
E 7 26 37
E 26 7 37
E 13 14 125
E 14 13 125
E 13 17 125
E 17 13 125
E 13 19 37
E 19 13 37
E 13 23 62
E 23 13 62
E 14 15 62
E 15 14 62
E 14 22 62
E 22 14 62
E 16 20 62
E 20 16 62
E 17 18 37
E 18 17 37
E 17 21 93
E 21 17 93
E 17 28 75
E 28 17 75
E 21 27 37
E 27 21 37
E 21 23 62
E 23 21 62
E 22 25 37
E 25 22 37
E 28 29 25
E 29 28 25
