G 30 88 infuhr2011
V 0 630
V 1 810
V 2 908
V 3 37
V 4 1090
V 5 150
V 6 150
V 7 37
V 8 124
V 9 37
V 10 205
V 11 966
V 12 37
V 13 387
V 14 37
V 15 37
V 16 99
V 17 124
V 18 1321
V 19 124
V 20 223
V 21 37
V 22 37
V 23 37
V 24 37
V 25 37
V 26 37
V 27 500
V 28 124
V 29 37
E 0 1 156
E 1 0 156
E 0 3 37
E 3 0 37
E 0 27 125
E 27 0 125
E 0 18 156
E 18 0 156
E 0 11 156
E 11 0 156
E 1 2 187
E 2 1 187
E 1 4 187
E 4 1 187
E 1 8 62
E 8 1 62
E 1 20 93
E 20 1 93
E 1 27 125
E 27 1 125
E 2 7 37
E 7 2 37
E 2 9 37
E 9 2 37
E 2 11 218
E 11 2 218
E 2 12 37
E 12 2 37
E 2 15 37
E 15 2 37
E 2 21 37
E 21 2 37
E 2 25 37
E 25 2 37
E 2 18 281
E 18 2 281
E 4 5 75
E 5 4 75
E 4 6 75
E 6 4 75
E 4 16 62
E 16 4 62
E 4 19 62
E 19 4 62
E 4 26 37
E 26 4 37
E 4 18 281
E 18 4 281
E 4 11 218
E 11 4 218
E 4 10 93
E 10 4 93
E 5 13 75
E 13 5 75
E 6 10 75
E 10 6 75
E 8 18 62
E 18 8 62
E 10 14 37
E 14 10 37
E 11 13 125
E 13 11 125
E 11 17 62
E 17 11 62
E 11 28 62
E 28 11 62
E 11 27 125
E 27 11 125
E 13 19 62
E 19 13 62
E 13 18 125
E 18 13 125
E 16 24 37
E 24 16 37
E 17 18 62
E 18 17 62
E 18 20 93
E 20 18 93
E 18 22 37
E 22 18 37
E 18 29 37
E 29 18 37
E 18 27 125
E 27 18 125
E 18 28 62
E 28 18 62
E 20 23 37
E 23 20 37
