G 20 60 infuhr2011
V 0 412
V 1 679
V 2 860
V 3 761
V 4 150
V 5 299
V 6 455
V 7 37
V 8 468
V 9 186
V 10 212
V 11 25
V 12 37
V 13 37
V 14 279
V 15 37
V 16 567
V 17 279
V 18 37
V 19 37
E 0 1 125
E 1 0 125
E 0 15 37
E 15 0 37
E 0 16 125
E 16 0 125
E 0 8 125
E 8 0 125
E 1 2 187
E 2 1 187
E 1 7 37
E 7 1 37
E 1 6 125
E 6 1 125
E 1 14 93
E 14 1 93
E 1 10 112
E 10 1 112
E 2 3 187
E 3 2 187
E 2 5 112
E 5 2 112
E 2 14 93
E 14 2 93
E 2 16 156
E 16 2 156
E 2 8 125
E 8 2 125
E 3 4 75
E 4 3 75
E 3 6 125
E 6 3 125
E 3 8 125
E 8 3 125
E 3 17 93
E 17 3 93
E 3 16 156
E 16 3 156
E 4 9 75
E 9 4 75
E 5 10 75
E 10 5 75
E 5 6 112
E 6 5 112
E 6 14 93
E 14 6 93
E 8 17 93
E 17 8 93
E 9 12 37
E 12 9 37
E 9 13 37
E 13 9 37
E 9 19 37
E 19 9 37
E 10 11 25
E 11 10 25
E 16 17 93
E 17 16 93
E 16 18 37
E 18 16 37
