G 20 56 infuhr2011
V 0 37
V 1 678
V 2 37
V 3 279
V 4 279
V 5 354
V 6 612
V 7 100
V 8 150
V 9 279
V 10 223
V 11 25
V 12 150
V 13 150
V 14 261
V 15 362
V 16 150
V 17 37
V 18 37
V 19 542
E 0 1 37
E 1 0 37
E 1 2 37
E 2 1 37
E 1 3 93
E 3 1 93
E 1 4 93
E 4 1 93
E 1 6 187
E 6 1 187
E 1 16 75
E 16 1 75
E 1 19 156
E 19 1 156
E 3 5 93
E 5 3 93
E 3 10 93
E 10 3 93
E 4 9 93
E 9 4 93
E 4 14 93
E 14 4 93
E 5 16 75
E 16 5 75
E 5 10 93
E 10 5 93
E 5 9 93
E 9 5 93
E 6 7 75
E 7 6 75
E 6 8 75
E 8 6 75
E 6 12 75
E 12 6 75
E 6 13 75
E 13 6 75
E 6 15 125
E 15 6 125
E 7 11 25
E 11 7 25
E 8 14 75
E 14 8 75
E 9 19 93
E 19 9 93
E 10 17 37
E 17 10 37
E 12 19 75
E 19 12 75
E 13 15 75
E 15 13 75
E 14 19 93
E 19 14 93
E 15 18 37
E 18 15 37
E 15 19 125
E 19 15 125
