G 20 58 infuhr2011
V 0 37
V 1 901
V 2 279
V 3 279
V 4 223
V 5 372
V 6 37
V 7 100
V 8 150
V 9 542
V 10 37
V 11 150
V 12 150
V 13 37
V 14 124
V 15 279
V 16 223
V 17 37
V 18 404
V 19 25
E 0 1 37
E 1 0 37
E 1 2 93
E 2 1 93
E 1 3 93
E 3 1 93
E 1 4 93
E 4 1 93
E 1 7 75
E 7 1 75
E 1 8 75
E 8 1 75
E 1 10 37
E 10 1 37
E 1 11 75
E 11 1 75
E 1 12 75
E 12 1 75
E 1 14 62
E 14 1 62
E 1 16 93
E 16 1 93
E 1 15 93
E 15 1 93
E 2 5 93
E 5 2 93
E 2 18 93
E 18 2 93
E 3 18 93
E 18 3 93
E 3 5 93
E 5 3 93
E 4 6 37
E 6 4 37
E 4 9 93
E 9 4 93
E 5 15 93
E 15 5 93
E 5 16 93
E 16 5 93
E 7 19 25
E 19 7 25
E 8 9 75
E 9 8 75
E 9 13 37
E 13 9 37
E 9 18 125
E 18 9 125
E 9 14 62
E 14 9 62
E 9 11 75
E 11 9 75
E 9 12 75
E 12 9 75
E 15 18 93
E 18 15 93
E 16 17 37
E 17 16 37
