G 20 58 infuhr2011
V 0 236
V 1 37
V 2 37
V 3 804
V 4 37
V 5 468
V 6 450
V 7 605
V 8 37
V 9 336
V 10 224
V 11 642
V 12 100
V 13 150
V 14 37
V 15 25
V 16 605
V 17 261
V 18 279
V 19 150
E 0 1 37
E 1 0 37
E 0 2 37
E 2 0 37
E 0 3 125
E 3 0 125
E 0 4 37
E 4 0 37
E 3 5 125
E 5 3 125
E 3 8 37
E 8 3 37
E 3 9 112
E 9 3 112
E 3 17 93
E 17 3 93
E 3 16 156
E 16 3 156
E 3 7 156
E 7 3 156
E 5 6 125
E 6 5 125
E 5 11 125
E 11 5 125
E 5 18 93
E 18 5 93
E 6 7 125
E 7 6 125
E 6 13 75
E 13 6 75
E 6 16 125
E 16 6 125
E 7 18 93
E 18 7 93
E 7 11 156
E 11 7 156
E 7 19 75
E 19 7 75
E 9 10 112
E 10 9 112
E 9 11 112
E 11 9 112
E 10 12 75
E 12 10 75
E 10 14 37
E 14 10 37
E 11 16 156
E 16 11 156
E 11 17 93
E 17 11 93
E 12 15 25
E 15 12 25
E 13 17 75
E 17 13 75
E 16 19 75
E 19 16 75
E 16 18 93
E 18 16 93
