G 20 48 infuhr2011
V 0 37
V 1 372
V 2 37
V 3 579
V 4 248
V 5 37
V 6 150
V 7 124
V 8 124
V 9 37
V 10 466
V 11 230
V 12 167
V 13 37
V 14 387
V 15 37
V 16 150
V 17 37
V 18 37
V 19 137
E 0 1 37
E 1 0 37
E 1 2 37
E 2 1 37
E 1 3 187
E 3 1 187
E 1 5 37
E 5 1 37
E 1 9 37
E 9 1 37
E 1 17 37
E 17 1 37
E 3 4 93
E 4 3 93
E 3 6 75
E 6 3 75
E 3 8 62
E 8 3 62
E 3 14 125
E 14 3 125
E 3 18 37
E 18 3 37
E 4 7 62
E 7 4 62
E 4 10 93
E 10 4 93
E 6 14 75
E 14 6 75
E 7 10 62
E 10 7 62
E 8 14 62
E 14 8 62
E 10 11 93
E 11 10 93
E 10 12 93
E 12 10 93
E 10 14 125
E 14 10 125
E 11 16 75
E 16 11 75
E 11 19 62
E 19 11 62
E 12 13 37
E 13 12 37
E 12 15 37
E 15 12 37
E 16 19 75
E 19 16 75
