G 30 68 infuhr2011
V 0 37
V 1 99
V 2 608
V 3 571
V 4 279
V 5 37
V 6 37
V 7 124
V 8 124
V 9 217
V 10 99
V 11 37
V 12 124
V 13 124
V 14 37
V 15 355
V 16 37
V 17 312
V 18 100
V 19 124
V 20 25
V 21 37
V 22 99
V 23 328
V 24 37
V 25 37
V 26 37
V 27 37
V 28 150
V 29 37
E 0 1 37
E 1 0 37
E 1 2 62
E 2 1 62
E 2 3 218
E 3 2 218
E 2 5 37
E 5 2 37
E 2 8 62
E 8 2 62
E 2 9 93
E 9 2 93
E 2 11 37
E 11 2 37
E 2 12 62
E 12 2 62
E 2 14 37
E 14 2 37
E 3 4 93
E 4 3 93
E 3 6 37
E 6 3 37
E 3 7 62
E 7 3 62
E 3 10 62
E 10 3 62
E 3 13 62
E 13 3 62
E 3 16 37
E 16 3 37
E 4 15 93
E 15 4 93
E 4 23 93
E 23 4 93
E 7 23 62
E 23 7 62
E 8 9 62
E 9 8 62
E 9 12 62
E 12 9 62
E 10 21 37
E 21 10 37
E 13 23 62
E 23 13 62
E 15 17 125
E 17 15 125
E 15 19 62
E 19 15 62
E 15 28 75
E 28 15 75
E 17 18 75
E 18 17 75
E 17 24 37
E 24 17 37
E 17 28 75
E 28 17 75
E 18 20 25
E 20 18 25
E 19 22 62
E 22 19 62
E 22 29 37
E 29 22 37
E 23 25 37
E 25 23 37
E 23 26 37
E 26 23 37
E 23 27 37
E 27 23 37
