G 30 88 infuhr2011
V 0 37
V 1 827
V 2 1451
V 3 124
V 4 37
V 5 1341
V 6 124
V 7 99
V 8 686
V 9 37
V 10 37
V 11 1793
V 12 124
V 13 124
V 14 37
V 15 672
V 16 37
V 17 37
V 18 279
V 19 412
V 20 37
V 21 37
V 22 124
V 23 99
V 24 37
V 25 37
V 26 37
V 27 37
V 28 37
V 29 37
E 0 1 37
E 1 0 37
E 1 2 218
E 2 1 218
E 1 5 218
E 5 1 218
E 1 13 62
E 13 1 62
E 1 26 37
E 26 1 37
E 1 29 37
E 29 1 37
E 1 11 218
E 11 1 218
E 2 3 62
E 3 2 62
E 2 4 37
E 4 2 37
E 2 6 62
E 6 2 62
E 2 7 62
E 7 2 62
E 2 9 37
E 9 2 37
E 2 10 37
E 10 2 37
E 2 15 187
E 15 2 187
E 2 11 343
E 11 2 343
E 2 8 156
E 8 2 156
E 2 5 250
E 5 2 250
E 3 11 62
E 11 3 62
E 5 8 156
E 8 5 156
E 5 22 62
E 22 5 62
E 5 11 250
E 11 5 250
E 5 19 125
E 19 5 125
E 5 18 93
E 18 5 93
E 5 15 187
E 15 5 187
E 6 11 62
E 11 6 62
E 7 28 37
E 28 7 37
E 8 11 156
E 11 8 156
E 8 18 93
E 18 8 93
E 8 19 125
E 19 8 125
E 11 12 62
E 12 11 62
E 11 14 37
E 14 11 37
E 11 17 37
E 17 11 37
E 11 18 93
E 18 11 93
E 11 19 125
E 19 11 125
E 11 20 37
E 20 11 37
E 11 15 187
E 15 11 187
E 11 22 62
E 22 11 62
E 11 13 62
E 13 11 62
E 12 23 62
E 23 12 62
E 15 16 37
E 16 15 37
E 15 21 37
E 21 15 37
E 15 24 37
E 24 15 37
E 19 25 37
E 25 19 37
E 23 27 37
E 27 23 37
